      0          0      68229     273067     204837  -89
      4       -104      -2443     273067     275509   89
      8       -187     -16173     273067     289240  126
     12         21      34957     273067     238110   72
     16        462      91427     273067     181640    3
     20        940     112482     273067     160585   -4
     24       1347     104433     273067     168634   38
     28       1732      98296     273067     174771   77
     32       2206     113449     273067     159618   75
     36       2815     142550     273067     130517   44
     40       3500     164075     273067     108992   25
     44       4184     169269     273067     103798   33
     48       4852     167567     273067     105499   54
     52       5543     171454     273067     101612   63
     56       6296     184051     273067      89016   55
     60       7104     197513     273067      75554   44
     64       7937     205566     273067      67501   41
     68       8771     207766     273067      65300   48
     72       9612     209629     273067      63438   55
     76      10479     214970     273067      58097   55
     80      11378     222305     273067      50762   50
     84      12300     228451     273067      44615   47
     88      13232     231863     273067      41204   48
     92      14172     234216     273067      38851   50
     96      15121     236491     273067      36575   52
    100      16082     239310     273067      33756   52
    104      17056     242453     273067      30614   52
    108      18043     245676     273067      27391   51
    112      19040     248356     273067      24710   50
    116      20044     250339     273067      22728   50
    120      21053     251772     273067      21294   51
    124      22070     253631     273067      19436   51
    128      23093     255220     273067      17847   51
    132      24122     256743     273067      16324   51
    136      25154     257686     273067      15381   52
    140      26191     258859     273067      14208   52
    144      27235     260465     273067      12602   51
    148      28285     261991     273067      11075   51
    152      29338     262935     273067      10131   51
    156      30395     263921     273067       9145   50
    160      31453     264355     273067       8711   51
    164      32512     264651     273067       8415   52
    168      33572     264913     273067       8154   53
    172      34637     265916     273067       7151   52
    176      35709     267479     273067       5588   50
    180      36781     267870     273067       5197   51
    184      37854     268155     273067       4912   51
    188      38929     268601     273067       4465   51
    192      40005     268900     273067       4166   51
    196      41080     268788     273067       4279   52
    200      42155     268759     273067       4307   53
    204      43235     269690     273067       3377   51
    208      44317     270297     273067       2769   51
    212      45400     270637     273067       2430   51
    216      46484     270909     273067       2157   51
    220      47568     270977     273067       2089   51
    224      48652     270994     273067       2072   51
    228      49734     270624     273067       2443   52
    232      50817     270718     273067       2348   52
    236      51901     270930     273067       2137   52
    240      52989     271732     273067       1334   51
    244      54078     272121     273067        946   51
    248      55168     272405     273067        662   50
    252      56255     271914     273067       1153   51
    256      57340     271416     273067       1651   52
    260      58424     271104     273067       1963   53
    264      59512     271776     273067       1291   52
    268      60603     272506     273067        560   51
    272      61694     272689     273067        378   51
    276      62786     272922     273067        144   50
    280      63876     272606     273067        461   51
    284      64963     271964     273067       1103   52
    288      66050     271803     273067       1263   53
    292      67139     272138     273067        928   52
    296      68230     272597     273067        470   52
    300      69324     273274     273067       -208   50
    304      70417     273256     273067       -189   51
    308      71509     273064     273067          3   51
    312      72600     272828     273067        238   51
    316      73690     272582     273067        485   52
    320      74777     271958     273067       1109   53
    324      75868     272552     273067        515   52
    328      76962     273263     273067       -196   51
    332      78057     273628     273067       -562   50
    336      79150     273345     273067       -278   51
    340      80242     273086     273067        -19   51
    344      81332     272647     273067        420   52
    348      82422     272537     273067        530   52
    352      83512     272509     273067        558   52
    356      84603     272690     273067        377   52
    360      85696     273110     273067        -43   51
    364      86790     273402     273067       -336   51
    368      87884     273476     273067       -409   51
    372      88977     273306     273067       -240   51
    376      90067     272702     273067        365   52
    380      91156     272363     273067        704   53
    384      92247     272653     273067        413   52
    388      93342     273476     273067       -409   51
    392      94437     273681     273067       -615   50
    396      95531     273545     273067       -479   50
    400      96621     272761     273067        305   52
    404      97710     272378     273067        689   53
    408      98800     272469     273067        597   53
    412      99894     273242     273067       -176   51
    416     100988     273436     273067       -369   51
    420     102082     273484     273067       -417   51
    424     103175     273308     273067       -242   51
    428     104268     273265     273067       -198   51
    432     105360     273066     273067          1   51
    436     106450     272642     273067        425   52
    440     107539     272348     273067        719   53
    444     108629     272462     273067        605   53
    448     109725     273615     273067       -549   50
    452     110820     273716     273067       -650   50
    456     111913     273367     273067       -300   51
    460     113004     272904     273067        163   52
    464     114095     272789     273067        278   52
    468     115185     272572     273067        495   52
    472     116276     272706     273067        361   52
    476     117368     272926     273067        140   52
    480     118463     273544     273067       -477   51
    484     119558     273699     273067       -632   50
    488     120652     273550     273067       -483   50
    492     121741     272575     273067        492   52
    496     122830     272331     273067        735   53
    500     123919     272270     273067        796   53
    504     125012     273005     273067         62   52
    508     126109     273939     273067       -872   50
    512     127204     273797     273067       -731   50
    516     128296     273199     273067       -133   51
    520     129387     272862     273067        204   52
    524     130477     272591     273067        476   52
    528     131568     272710     273067        357   52
    532     132659     272740     273067        327   52
    536     133751     272935     273067        132   52
    540     134845     273359     273067       -292   51
    544     135940     273652     273067       -586   50
    548     137034     273538     273067       -471   51
    552     138125     272947     273067        120   52
    556     139215     272612     273067        455   52
    560     140305     272528     273067        539   52
    564     141397     272882     273067        185   52
    568     142489     272970     273067         96   52
    572     143584     273555     273067       -488   51
    576     144679     273701     273067       -635   50
    580     145774     273738     273067       -671   50
    584     146863     272622     273067        445   52
    588     147950     271968     273067       1099   53
    592     149039     272179     273067        887   53
    596     150132     272982     273067         84   52
    600     151227     273558     273067       -491   51
    604     152323     273890     273067       -823   50
    608     153417     273597     273067       -531   50
    612     154508     272962     273067        105   52
    616     155596     272240     273067        826   53
    620     156686     272435     273067        632   53
    624     157779     273046     273067         20   52
    628     158875     273762     273067       -695   50
    632     159970     273753     273067       -686   50
    636     161062     273188     273067       -122   51
    640     162153     272860     273067        207   52
    644     163243     272590     273067        477   52
    648     164333     272522     273067        544   53
    652     165425     272881     273067        186   52
    656     166518     273158     273067        -91   51
    660     167613     273602     273067       -535   51
    664     168706     273338     273067       -271   51
    668     169800     273459     273067       -393   51
    672     170892     273115     273067        -48   51
    676     171982     272654     273067        413   52
    680     173071     272351     273067        716   53
    684     174161     272463     273067        604   53
    688     175256     273428     273067       -362   51
    692     176353     274045     273067       -978   50
    696     177448     273824     273067       -757   50
    700     178540     273206     273067       -139   51
    704     179630     272676     273067        390   52
    708     180717     271982     273067       1085   54
    712     181808     272558     273067        509   52
    716     182902     273264     273067       -198   51
    720     183998     273816     273067       -749   50
    724     185091     273392     273067       -325   51
    728     186183     273098     273067        -31   51
    732     187273     272649     273067        417   52
    736     188364     272725     273067        342   52
    740     189453     272369     273067        698   53
    744     190545     272842     273067        224   52
    748     191640     273523     273067       -456   51
    752     192736     273881     273067       -814   50
    756     193829     273408     273067       -341   51
    760     194921     273102     273067        -35   51
    764     196012     272838     273067        229   52
    768     197101     272397     273067        670   53
    772     198191     272474     273067        592   53
    776     199285     273244     273067       -177   51
    780     200381     273811     273067       -744   50
    784     201476     273765     273067       -699   50
    788     202567     273004     273067         63   52
    792     203658     272813     273067        253   52
    796     204749     272766     273067        301   52
    800     205840     272754     273067        313   52
    804     206931     272751     273067        316   52
    808     208024     273125     273067        -59   51
    812     209115     272844     273067        223   52
    816     210201     271836     273067       1231   54
    820     211285     271209     273067       1858   55
    824     212370     271240     273067       1827   56
    828     213456     271435     273067       1632   56
    832     214546     272234     273067        833   54
    836     215638     272808     273067        258   53
    840     216728     272577     273067        490   54
    844     217817     272332     273067        735   54
    848     218906     272270     273067        796   55
    852     219997     272630     273067        437   54
    856     221086     272345     273067        722   55
    860     222175     272274     273067        793   55
    864     223264     272256     273067        811   55
    868     224357     273001     273067         65   54
    872     225450     273188     273067       -121   53
    876     226542     273047     273067         20   54
    880     227632     272637     273067        430   55
    884     228724     272909     273067        157   54
    888     229812     272227     273067        839   55
    892     230901     272244     273067        822   55
    896     231991     272436     273067        631   55
    900     233083     272859     273067        208   54
    904     234176     273152     273067        -86   54
    908     235270     273413     273067       -346   53
    912     236361     272916     273067        151   54
    916     237449     272229     273067        838   56
    920     238537     272057     273067       1009   56
    924     239629     272764     273067        302   55
    928     240724     273504     273067       -437   54
    932     241820     273876     273067       -809   53
    936     242914     273594     273067       -527   53
    940     244007     273336     273067       -269   54
    944     245096     272521     273067        545   55
    948     246184     272130     273067        936   56
    952     247273     272220     273067        847   56
    956     248368     273368     273067       -301   54
    960     249464     273842     273067       -775   53
    964     250559     273773     273067       -706   53
    968     251651     273193     273067       -127   54
    972     252741     272673     273067        393   55
    976     253831     272543     273067        523   55
    980     254921     272511     273067        556   55
    984     256012     272690     273067        376   55
    988     257105     273110     273067        -43   54
    992     258199     273403     273067       -336   54
    996     259293     273476     273067       -409   54
   1000     260387     273494     273067       -427   54
   1004     261478     272936     273067        131   55
   1008     262568     272609     273067        458   55
   1012     263659     272715     273067        352   55
   1016     264751     272929     273067        138   55
   1020     265845     273357     273067       -290   54
   1024     266941     273839     273067       -773   53
   1028     268035     273585     273067       -518   53
   1032     269125     272771     273067        295   55
   1036     270213     272193     273067        874   56
   1040     271304     272611     273067        456   55
   1044     272396     272903     273067        164   55
   1048     273491     273538     273067       -471   54
   1052     274585     273510     273067       -443   54
   1056     275680     273690     273067       -623   53
   1060     276774     273547     273067       -481   53
   1064     277863     272574     273067        492   55
   1068     278950     271956     273067       1111   56
   1072     280038     271989     273067       1078   56
   1076     281131     272935     273067        132   55
   1080     282227     273734     273067       -667   53
   1084     283322     273746     273067       -679   53
   1088     284415     273374     273067       -307   54
   1092     285505     272718     273067        348   55
   1096     286594     272367     273067        700   56
   1100     287684     272467     273067        600   56
   1104     288778     273242     273067       -175   54
   1108     289874     273810     273067       -744   53
   1112     290967     273390     273067       -323   54
   1116     292060     273285     273067       -218   54
   1120     293152     273071     273067         -5   54
   1124     294243     272830     273067        236   55
   1128     295332     272395     273067        672   56
   1132     296423     272661     273067        405   55
   1136     297517     273290     273067       -224   54
   1140     298612     273635     273067       -568   53
   1144     299705     273346     273067       -280   54
   1148     300797     273087     273067        -20   54
   1152     301888     272834     273067        233   55
   1156     302979     272771     273067        296   55
   1160     304069     272568     273067        499   55
   1164     305161     272892     273067        175   55
   1168     306254     273160     273067        -94   54
   1172     307348     273415     273067       -348   54
   1176     308442     273479     273067       -412   54
   1180     309536     273495     273067       -428   54
   1184     310628     273124     273067        -57   54
   1188     311718     272656     273067        411   55
   1192     312806     272164     273067        903   56
   1196     313898     272791     273067        276   55
   1200     314993     273510     273067       -444   54
   1204     316089     273878     273067       -811   53
   1208     317183     273594     273067       -528   53
   1212     318275     273149     273067        -82   54
   1216     319363     272287     273067        780   56
   1220     320452     272259     273067        807   56
   1224     321543     272627     273067        439   55
   1228     322639     273657     273067       -590   53
   1232     323734     273727     273067       -660   53
   1236     324825     272994     273067         72   55
   1240     325918     273186     273067       -119   54
   1244     327010     273047     273067         20   55
   1248     328101     272824     273067        243   55
   1252     329192     272769     273067        298   55
   1256     330284     272942     273067        125   55
   1260     331379     273548     273067       -481   54
   1264     332474     273700     273067       -633   53
   1268     333568     273550     273067       -483   54
   1272     334661     273325     273067       -258   54
   1276     335751     272706     273067        360   55
   1280     336840     272364     273067        703   56
   1284     337931     272654     273067        413   55
   1288     339026     273476     273067       -409   54
   1292     340121     273681     273067       -615   53
   1296     341214     273358     273067       -291   54
   1300     342307     273277     273067       -210   54
   1304     343398     272882     273067        185   55
   1308     344487     272408     273067        659   56
   1312     345578     272664     273067        402   55
   1316     346671     273104     273067        -37   54
   1320     347766     273588     273067       -522   53
   1324     348857     272960     273067        107   55
   1328     349950     273177     273067       -111   54
   1332     351042     273044     273067         22   54
   1336     352133     272824     273067        243   55
   1340     353222     272393     273067        673   56
   1344     354314     272848     273067        218   55
   1348     355409     273525     273067       -458   54
   1352     356504     273694     273067       -627   53
   1356     357598     273548     273067       -482   53
   1360     358689     272950     273067        117   55
   1364     359779     272612     273067        454   55
   1368     360869     272528     273067        539   55
   1372     361960     272695     273067        372   55
   1376     363052     272924     273067        143   55
   1380     364146     273356     273067       -289   54
   1384     365241     273651     273067       -585   53
   1388     366335     273538     273067       -471   54
   1392     367427     273134     273067        -68   54
   1396     368516     272471     273067        596   56
   1400     369605     272305     273067        761   56
   1404     370698     273014     273067         53   55
   1408     371793     273566     273067       -499   54
   1412     372889     273891     273067       -825   53
   1416     373983     273598     273067       -531   53
   1420     375075     273149     273067        -83   54
   1424     376163     272287     273067        779   56
   1428     377252     272259     273067        807   56
   1432     378342     272440     273067        627   56
   1436     379437     273422     273067       -356   54
   1440     380533     273856     273067       -789   53
   1444     381628     273776     273067       -710   53
   1448     382719     273007     273067         60   55
   1452     383811     273002     273067         65   54
   1456     384901     272625     273067        441   55
   1460     385990     272344     273067        723   56
   1464     387081     272648     273067        418   55
   1468     388175     273287     273067       -220   54
   1472     389269     273447     273067       -380   54
   1476     390364     273674     273067       -608   53
   1480     391457     273356     273067       -289   54
   1484     392548     272902     273067        165   55
   1488     393636     272225     273067        841   56
   1492     394727     272619     273067        448   55
   1496     395820     273092     273067        -26   55
   1500     396915     273586     273067       -519   54
   1504     398011     273896     273067       -830   53
   1508     399105     273599     273067       -532   53
   1512     400196     272962     273067        104   55
   1516     401285     272428     273067        639   56
   1520     402376     272670     273067        397   55
   1524     403468     272917     273067        149   55
   1528     404563     273542     273067       -475   54
   1532     405658     273698     273067       -631   53
   1536     406752     273549     273067       -483   53
   1540     407843     272950     273067        117   55
   1544     408932     272425     273067        642   56
   1548     410023     272669     273067        398   55
   1552     411116     273105     273067        -38   54
   1556     412208     273026     273067         41   55
   1560     413301     273194     273067       -127   54
   1564     414395     273424     273067       -357   54
   1568     415488     273293     273067       -227   54
   1572     416581     273261     273067       -194   54
   1576     417671     272690     273067        376   55
   1580     418760     272360     273067        707   56
   1584     419850     272465     273067        602   56
   1588     420945     273429     273067       -362   54
   1592     422042     274045     273067       -978   53
   1596     423136     273636     273067       -570   53
   1600     424228     273159     273067        -92   54
   1604     425317     272477     273067        589   55
   1608     426406     272307     273067        760   56
   1612     427498     272827     273067        240   55
   1616     428595     273894     273067       -828   53
   1620     429693     274349     273067      -1282   52
   1624     430789     274087     273067      -1020   52
   1628     431881     273272     273067       -205   54
   1632     432973     273068     273067         -1   54
   1636     434065     273017     273067         50   54
   1640     435156     272817     273067        250   54
   1644     436248     272954     273067        112   54
   1648     437340     272989     273067         78   54
   1652     438434     273372     273067       -305   53
   1656     439528     273468     273067       -401   53
   1660     440621     273305     273067       -238   53
   1664     441712     272889     273067        178   54
   1668     442801     272410     273067        657   55
   1672     443891     272477     273067        589   55
   1676     444986     273432     273067       -365   53
   1680     446081     273670     273067       -604   53
   1684     447176     273730     273067       -663   53
   1688     448269     273370     273067       -303   53
   1692     449362     273280     273067       -213   53
   1696     450452     272695     273067        372   55
   1700     451542     272549     273067        518   55
   1704     452634     272887     273067        179   54
   1708     453730     273722     273067       -655   53
   1712     454825     273743     273067       -676   53
   1716     455920     273748     273067       -682   52
   1720     457013     273375     273067       -308   53
   1724     458103     272719     273067        348   54
   1728     459191     272180     273067        887   55
   1732     460280     272232     273067        834   55
   1736     461373     272996     273067         71   54
   1740     462469     273749     273067       -682   53
   1744     463564     273750     273067       -683   52
   1748     464657     273375     273067       -308   53
   1752     465747     272719     273067        348   54
   1756     466837     272555     273067        512   55
   1760     467926     272326     273067        741   55
   1764     469019     273019     273067         48   54
   1768     470115     273755     273067       -688   53
   1772     471210     273751     273067       -685   52
   1776     472303     273375     273067       -309   53
   1780     473393     272719     273067        348   54
   1784     474484     272742     273067        324   54
   1788     475573     272373     273067        694   55
   1792     476664     272656     273067        411   55
   1796     477758     273289     273067       -222   53
   1800     478854     273822     273067       -756   52
   1804     479947     273393     273067       -326   53
   1808     481039     273098     273067        -32   54
   1812     482130     272837     273067        230   54
   1816     483221     272772     273067        295   54
   1820     484312     272755     273067        311   54
   1824     485402     272564     273067        503   55
   1828     486496     273266     273067       -199   53
   1832     487591     273629     273067       -562   53
   1836     488685     273532     273067       -466   53
   1840     489779     273508     273067       -441   53
   1844     490871     273127     273067        -60   54
   1848     491960     272469     273067        597   55
   1852     493051     272680     273067        387   54
   1856     494145     273295     273067       -228   53
   1860     495238     273261     273067       -195   53
   1864     496331     273253     273067       -186   53
   1868     497423     273063     273067          3   54
   1872     498516     273203     273067       -137   53
   1876     499607     272863     273067        203   54
   1880     500696     272403     273067        663   55
   1884     501786     272476     273067        591   55
   1888     502881     273431     273067       -365   53
   1892     503977     273858     273067       -791   52
   1896     505071     273589     273067       -523   53
   1900     506163     273147     273067        -81   54
   1904     507254     272849     273067        217   54
   1908     508345     272775     273067        292   54
   1912     509435     272569     273067        498   55
   1916     510528     273080     273067        -13   54
   1920     511624     273770     273067       -703   52
   1924     512718     273567     273067       -501   53
   1928     513811     273329     273067       -263   53
   1932     514903     273082     273067        -16   54
   1936     515993     272646     273067        421   54
   1940     517082     272349     273067        718   55
   1944     518173     272650     273067        417   55
   1948     519269     273662     273067       -596   53
   1952     520365     273916     273067       -849   52
   1956     521460     273791     273067       -725   52
   1960     522552     273198     273067       -131   53
   1964     523639     272112     273067        955   55
   1968     524727     272028     273067       1039   56
   1972     525819     272757     273067        310   54
   1976     526914     273502     273067       -435   53
   1980     528009     273688     273067       -621   53
   1984     529103     273547     273067       -480   53
   1988     530196     273324     273067       -258   53
   1992     531288     273081     273067        -14   54
   1996     532378     272645     273067        421   54
   2000     533467     272349     273067        718   55
   2004     534558     272650     273067        417   54
   2008     535652     273287     273067       -221   53
   2012     536746     273447     273067       -380   53
   2016     537839     273299     273067       -233   53
   2020     538931     273075     273067         -8   54
   2024     540023     273019     273067         48   54
   2028     541114     272817     273067        249   54
   2032     542204     272579     273067        487   55
   2036     543297     273082     273067        -16   54
   2040     544393     273771     273067       -704   52
   2044     545487     273568     273067       -501   53
   2048     546580     273329     273067       -263   53
   2052     547671     272895     273067        172   54
   2056     548761     272599     273067        468   54
   2060     549850     272337     273067        729   55
   2064     550940     272459     273067        607   55
   2068     552035     273427     273067       -361   53
   2072     553131     273857     273067       -790   52
   2076     554224     273402     273067       -335   53
   2080     555317     273288     273067       -221   53
   2084     556407     272697     273067        370   54
   2088     557495     272174     273067        892   55
   2092     558584     272231     273067        836   55
   2096     559677     272995     273067         71   54
   2100     560773     273749     273067       -682   53
   2104     561870     274125     273067      -1058   52
   2108     562964     273656     273067       -590   53
   2112     564055     272977     273067         90   54
   2116     565145     272619     273067        448   54
   2120     566235     272530     273067        537   55
   2124     567326     272695     273067        372   54
   2128     568420     273299     273067       -232   53
   2132     569514     273450     273067       -383   53
   2136     570608     273487     273067       -421   53
   2140     571700     273122     273067        -55   54
   2144     572792     273030     273067         36   54
   2148     573884     273008     273067         59   54
   2152     574975     272814     273067        252   54
   2156     576066     272766     273067        301   54
   2160     577160     273317     273067       -250   53
   2164     578253     273267     273067       -200   53
   2168     579345     273067     273067          0   54
   2172     580437     273017     273067         50   54
   2176     581529     273004     273067         63   54
   2180     582620     272814     273067        253   54
   2184     583711     272766     273067        301   54
   2188     584804     273129     273067        -62   54
   2192     585898     273407     273067       -341   53
   2196     586993     273664     273067       -598   53
   2200     588087     273541     273067       -474   53
   2204     589179     273135     273067        -69   53
   2208     590268     272471     273067        595   55
   2212     591356     272118     273067        949   55
   2216     592448     272779     273067        287   54
   2220     593544     273695     273067       -628   53
   2224     594638     273549     273067       -482   53
   2228     595733     273700     273067       -633   52
   2232     596825     273175     273067       -108   53
   2236     597913     272294     273067        773   55
   2240     599000     271886     273067       1181   56
   2244     600092     272721     273067        345   54
   2248     601188     273680     273067       -614   53
   2252     602284     273920     273067       -853   52
   2256     603377     273418     273067       -351   53
   2260     604469     273104     273067        -38   53
   2264     605558     272464     273067        603   55
   2268     606648     272491     273067        576   55
   2272     607739     272685     273067        381   54
   2276     608834     273484     273067       -417   53
   2280     609928     273496     273067       -429   53
   2284     611021     273311     273067       -245   53
   2288     612113     273078     273067        -11   54
   2292     613205     273019     273067         47   54
   2296     614297     273005     273067         62   54
   2300     615388     272814     273067        253   54
   2304     616478     272578     273067        488   55
   2308     617572     273270     273067       -203   53
   2312     618665     273255     273067       -188   53
   2316     619758     273251     273067       -185   53
   2320     620850     273063     273067          4   54
   2324     621941     272828     273067        238   54
   2328     623032     272770     273067        297   54
   2332     624122     272567     273067        499   55
   2336     625214     272892     273067        175   54
   2340     626309     273535     273067       -469   53
   2344     627404     273696     273067       -630   53
   2348     628498     273549     273067       -482   53
   2352     629591     273325     273067       -258   53
   2356     630681     272706     273067        360   54
   2360     631769     272177     273067        890   55
   2364     632859     272419     273067        648   55
   2368     633954     273417     273067       -351   53
   2372     635049     273667     273067       -600   53
   2376     636144     273729     273067       -663   52
   2380     637236     273182     273067       -116   53
   2384     638325     272483     273067        584   55
   2388     639414     272308     273067        758   55
   2392     640506     272827     273067        240   54
   2396     641600     273332     273067       -265   53
   2400     642693     273270     273067       -204   53
   2404     643786     273255     273067       -188   53
   2408     644879     273251     273067       -185   53
   2412     645959     270813     273067       2254   58
   2416     647024     267391     273067       5676   65
   2420     648088     266348     273067       6719   68
   2424     649168     269087     273067       3980   63
   2428     650259     271834     273067       1232   59
   2432     651349     272334     273067        733   58
   2436     652432     271146     273067       1921   61
   2440     653510     269911     273067       3155   63
   2444     654590     269978     273067       3089   64
   2448     655675     270932     273067       2135   62
   2452     656761     271358     273067       1709   62
   2456     657848     271652     273067       1415   62
   2460     658937     272100     273067        966   61
   2464     660024     271838     273067       1229   62
   2468     661113     272147     273067        920   61
   2472     662200     271849     273067       1217   62
   2476     663287     271775     273067       1292   62
   2480     664371     271194     273067       1873   64
   2484     665459     271798     273067       1268   63
   2488     666551     272700     273067        367   61
   2492     667645     273300     273067       -233   60
   2496     668735     272700     273067        367   61
   2500     669824     272362     273067        704   62
   2504     670911     271903     273067       1164   63
   2508     671999     271976     273067       1091   63
   2512     673090     272556     273067        510   62
   2516     674181     272702     273067        365   62
   2520     675274     273113     273067        -46   61
   2524     676367     273216     273067       -149   61
   2528     677457     272679     273067        388   62
   2532     678548     272732     273067        334   62
   2536     679637     272371     273067        696   63
   2540     680727     272468     273067        599   63
   2544     681819     272867     273067        200   62
   2548     682914     273529     273067       -463   61
   2552     684007     273320     273067       -253   61
   2556     685099     273080     273067        -13   62
   2560     686192     273207     273067       -141   61
   2564     687283     272864     273067        202   62
   2568     688372     272404     273067        663   63
   2572     689461     272288     273067        778   63
   2576     690553     272822     273067        245   62
   2580     691647     273331     273067       -264   61
   2584     692741     273458     273067       -391   61
   2588     693833     273114     273067        -48   62
   2592     694926     273216     273067       -149   61
   2596     696016     272679     273067        388   62
   2600     697104     272170     273067        897   64
   2604     698193     272230     273067        837   63
   2608     699289     273557     273067       -491   61
   2612     700385     273889     273067       -823   60
   2616     701479     273597     273067       -531   61
   2620     702569     272774     273067        292   62
   2624     703659     272569     273067        498   63
   2628     704748     272330     273067        737   63
   2632     705840     272832     273067        234   62
   2636     706933     273146     273067        -79   62
   2640     708028     273599     273067       -532   61
   2644     709121     273337     273067       -271   61
   2648     710214     273272     273067       -205   61
   2652     711304     272693     273067        374   63
   2656     712395     272736     273067        331   63
   2660     713487     272934     273067        133   62
   2664     714580     273171     273067       -104   62
   2668     715673     273230     273067       -164   62
   2672     716768     273620     273067       -553   61
   2676     717863     273718     273067       -651   61
   2680     718957     273554     273067       -488   61
   2684     720048     272951     273067        116   62
   2688     721137     272425     273067        641   63
   2692     722225     272106     273067        960   64
   2696     723319     273152     273067        -85   62
   2700     724416     273975     273067       -909   60
   2704     725511     273806     273067       -740   60
   2708     726601     272827     273067        240   62
   2712     727690     272394     273067        673   63
   2716     728779     272286     273067        781   63
   2720     729870     272634     273067        433   63
   2724     730963     273096     273067        -29   62
   2728     732058     273586     273067       -520   61
   2732     733152     273522     273067       -455   61
   2736     734245     273318     273067       -251   61
   2740     735337     273079     273067        -13   62
   2744     736426     272457     273067        609   63
   2748     737516     272489     273067        577   63
   2752     738608     272872     273067        194   62
   2756     739701     273156     273067        -89   62
   2760     740794     273226     273067       -160   62
   2764     741889     273619     273067       -552   61
   2768     742983     273530     273067       -463   61
   2772     744076     273320     273067       -253   61
   2776     745164     272330     273067        737   63
   2780     746251     271895     273067       1172   64
   2784     747341     272349     273067        718   63
   2788     748438     273775     273067       -708   61
   2792     749535     274131     273067      -1064   60
   2796     750629     273658     273067       -591   61
   2800     751720     272977     273067         90   62
   2804     752810     272619     273067        447   63
   2808     753900     272530     273067        537   63
   2812     754992     272882     273067        184   62
   2816     756086     273346     273067       -279   61
   2820     757179     273274     273067       -207   62
   2824     758272     273256     273067       -189   62
   2828     759366     273439     273067       -372   61
   2832     760460     273485     273067       -418   61
   2836     761549     272559     273067        508   63
   2840     762638     272327     273067        740   63
   2844     763729     272644     273067        422   63
   2848     764824     273474     273067       -407   61
   2852     765920     273868     273067       -802   60
   2856     767013     273405     273067       -338   61
   2860     768103     272726     273067        341   63
   2864     769194     272744     273067        323   62
   2868     770285     272749     273067        318   63
   2872     771377     272937     273067        130   62
   2876     772469     272984     273067         82   62
   2880     773564     273559     273067       -492   61
   2884     774657     273327     273067       -260   61
   2888     775751     273457     273067       -390   61
   2892     776842     272927     273067        140   62
   2896     777932     272607     273067        460   63
   2900     779022     272527     273067        540   63
   2904     780115     273069     273067         -2   62
   2908     781210     273580     273067       -513   61
   2912     782305     273707     273067       -641   61
   2916     783399     273552     273067       -485   61
   2920     784491     273138     273067        -71   62
   2924     785582     272847     273067        220   62
   2928     786672     272587     273067        480   63
   2932     787763     272709     273067        357   63
   2936     788857     273302     273067       -236   61
   2940     789952     273638     273067       -571   61
   2944     791046     273535     273067       -468   61
   2948     792139     273321     273067       -254   61
   2952     793229     272705     273067        361   62
   2956     794317     272176     273067        890   63
   2960     795405     272044     273067       1023   64
   2964     796497     272761     273067        306   63
   2968     797595     274065     273067       -999   60
   2972     798691     274016     273067       -950   60
   2976     799784     273442     273067       -375   61
   2980     800875     272923     273067        144   62
   2984     801963     272231     273067        836   63
   2988     803052     272245     273067        821   63
   2992     804143     272624     273067        443   63
   2996     805237     273281     273067       -214   62
   3000     806333     273820     273067       -754   61
   3004     807429     273955     273067       -888   60
   3008     808523     273614     273067       -547   61
   3012     809613     272778     273067        288   62
   3016     810701     272195     273067        872   63
   3020     811790     272236     273067        831   63
   3024     812880     272434     273067        633   63
   3028     813975     273421     273067       -354   61
   3032     815070     273668     273067       -601   61
   3036     816165     273729     273067       -663   61
   3040     817259     273557     273067       -491   61
   3044     818350     272952     273067        115   62
   3048     819438     272238     273067        829   63
   3052     820528     272434     273067        632   63
   3056     821620     272859     273067        208   62
   3060     822716     273715     273067       -648   61
   3064     823811     273741     273067       -674   61
   3068     824906     273748     273067       -681   61
   3072     825999     273374     273067       -308   61
   3076     827089     272719     273067        348   62
   3080     828177     272180     273067        887   63
   3084     829267     272420     273067        647   63
   3088     830360     273042     273067         24   62
   3092     831457     273948     273067       -881   60
   3096     832552     273800     273067       -733   60
   3100     833645     273387     273067       -321   61
   3104     834733     272347     273067        720   63
   3108     835822     272274     273067        792   63
   3112     836912     272444     273067        623   63
   3116     838006     273236     273067       -169   62
   3120     839103     273996     273067       -930   60
   3124     840199     273999     273067       -932   60
   3128     841291     273250     273067       -183   61
   3132     842381     272687     273067        379   62
   3136     843470     272359     273067        707   63
   3140     844559     272277     273067        789   63
   3144     845651     272819     273067        247   62
   3148     846746     273517     273067       -451   61
   3152     847840     273504     273067       -438   61
   3156     848935     273689     273067       -622   61
   3160     850028     273360     273067       -293   61
   3164     851120     273090     273067        -23   62
   3168     852209     272460     273067        607   63
   3172     853299     272490     273067        577   63
   3176     854393     273247     273067       -181   61
   3180     855489     273812     273067       -745   60
   3184     856581     273203     273067       -136   62
   3188     857674     273238     273067       -172   61
   3192     858767     273247     273067       -180   61
   3196     859857     272687     273067        380   62
   3200     860944     271984     273067       1082   64
   3204     862035     272559     273067        508   63
   3208     863134     274202     273067      -1135   60
   3212     864245     276863     273067      -3796   54
   3216     865358     277903     273067      -4837   52
   3220     866459     275913     273067      -2847   55
   3224     867551     273728     273067       -662   59
   3228     868640     272620     273067        447   61
   3232     869736     273655     273067       -588   59
   3236     870841     275601     273067      -2535   55
   3240     871945     275900     273067      -2834   54
   3244     873042     274663     273067      -1596   56
   3248     874136     273791     273067       -724   57
   3252     875228     273198     273067       -131   58
   3256     876321     273237     273067       -170   58
   3260     877415     273434     273067       -368   58
   3264     878510     273671     273067       -604   57
   3268     879608     274293     273067      -1226   56
   3272     880704     274073     273067      -1007   56
   3276     881799     273831     273067       -764   57
   3280     882894     273770     273067       -704   57
   3284     883989     273755     273067       -688   56
   3288     885080     273001     273067         65   58
   3292     886171     272813     273067        254   58
   3296     887264     273141     273067        -74   58
   3300     888361     273973     273067       -906   56
   3304     889458     274181     273067      -1114   55
   3308     890553     273858     273067       -791   56
   3312     891644     273027     273067         40   57
   3316     892734     272632     273067        435   58
   3320     893823     272345     273067        721   59
   3324     894916     273024     273067         43   57
   3328     896011     273568     273067       -502   56
   3332     897107     273892     273067       -825   56
   3336     898201     273598     273067       -531   56
   3340     899294     273337     273067       -270   57
   3344     900385     272897     273067        170   57
   3348     901475     272599     273067        467   58
   3352     902565     272525     273067        542   58
   3356     903658     273069     273067         -2   57
   3360     904753     273580     273067       -513   56
   3364     905848     273707     273067       -641   56
   3368     906942     273552     273067       -485   56
   3372     908035     273325     273067       -259   57
   3376     909124     272519     273067        548   58
   3380     910215     272692     273067        374   58
   3384     911307     272923     273067        144   57
   3388     912402     273543     273067       -477   56
   3392     913497     273698     273067       -632   56
   3396     914589     273175     273067       -108   57
   3400     915683     273419     273067       -352   56
   3404     916775     273105     273067        -38   57
   3408     917865     272651     273067        416   58
   3412     918954     272350     273067        716   58
   3416     920047     273025     273067         42   57
   3420     921142     273569     273067       -502   56
   3424     922238     273892     273067       -826   55
   3428     923330     273223     273067       -156   57
   3432     924422     273056     273067         11   57
   3436     925512     272639     273067        428   58
   3440     926603     272722     273067        344   58
   3444     927695     272931     273067        136   57
   3448     928791     273733     273067       -666   56
   3452     929886     273746     273067       -679   56
   3456     930980     273561     273067       -495   56
   3460     932072     273140     273067        -74   57
   3464     933163     272848     273067        219   57
   3468     934254     272774     273067        292   57
   3472     935343     272381     273067        686   58
   3476     936433     272470     273067        596   58
   3480     937529     273618     273067       -551   56
   3484     938625     273904     273067       -838   55
   3488     939719     273601     273067       -534   56
   3492     940809     272775     273067        291   57
   3496     941898     272381     273067        685   58
   3500     942986     272095     273067        971   59
   3504     944077     272586     273067        480   58
   3508     945174     273834     273067       -767   55
   3512     946269     273771     273067       -704   56
   3516     947361     273193     273067       -126   57
   3520     948453     273048     273067         18   57
   3524     949545     273012     273067         55   57
   3528     950635     272628     273067        439   58
   3532     951725     272532     273067        535   58
   3536     952817     272883     273067        184   57
   3540     953912     273533     273067       -467   56
   3544     955006     273508     273067       -442   56
   3548     956099     273315     273067       -248   56
   3552     957189     272704     273067        363   58
   3556     958280     272738     273067        328   57
   3560     959368     272185     273067        882   59
   3564     960460     272796     273067        271   58
   3568     961557     273887     273067       -820   55
   3572     962653     273972     273067       -905   55
   3576     963744     273055     273067         11   57
   3580     964834     272639     273067        428   58
   3584     965925     272722     273067        344   58
   3588     967018     273118     273067        -51   57
   3592     968110     273030     273067         37   57
   3596     969202     273007     273067         59   57
   3600     970296     273377     273067       -310   56
   3604     971389     273282     273067       -215   56
   3608     972481     273070     273067         -4   57
   3612     973574     273205     273067       -138   57
   3616     974665     272864     273067        203   57
   3620     975753     272216     273067        851   59
   3624     976844     272616     273067        450   58
   3628     977941     273842     273067       -775   56
   3632     979037     273960     273067       -894   55
   3636     980131     273615     273067       -548   56
   3640     981221     272779     273067        288   57
   3644     982311     272570     273067        497   58
   3648     983401     272517     273067        549   58
   3652     984491     272504     273067        562   58
   3656     985585     273251     273067       -184   57
   3660     986680     273625     273067       -559   56
   3664     987776     273906     273067       -840   55
   3668     988869     273414     273067       -347   56
   3672     989959     272729     273067        338   57
   3676     991046     271995     273067       1072   59
   3680     992135     272186     273067        881   59
   3684     993229     273172     273067       -105   57
   3688     994327     274168     273067      -1101   55
   3692     995422     273854     273067       -788   55
   3696     996514     273214     273067       -147   57
   3700     997604     272678     273067        388   58
   3704     998696     272920     273067        147   57
   3708     999787     272792     273067        274   57
   3712    1000877     272573     273067        494   58
   3716    1001969     272893     273067        173   57
   3720    1003064     273536     273067       -469   56
   3724    1004158     273509     273067       -442   56
   3728    1005251     273315     273067       -248   56
   3732    1006342     272891     273067        175   57
   3736    1007431     272410     273067        656   58
   3740    1008520     272290     273067        777   58
   3744    1009610     272448     273067        619   58
   3748    1010704     273237     273067       -170   57
   3752    1011800     273809     273067       -743   56
   3756    1012895     273765     273067       -698   56
   3760    1013988     273379     273067       -312   56
   3764    1015078     272720     273067        347   58
   3768    1016166     272180     273067        887   59
   3772    1017257     272607     273067        459   58
   3776    1018352     273464     273067       -398   56
   3780    1019447     273679     273067       -612   56
   3784    1020541     273545     273067       -478   56
   3788    1021634     273324     273067       -257   56
   3792    1022723     272518     273067        548   58
   3796    1023813     272505     273067        562   58
   3800    1024903     272501     273067        566   58
   3804    1025995     272875     273067        191   57
   3808    1027089     273344     273067       -277   57
   3812    1028184     273648     273067       -582   56
   3816    1029279     273725     273067       -658   56
   3820    1030372     273369     273067       -302   56
   3824    1031462     272717     273067        350   58
   3828    1032551     272367     273067        700   58
   3832    1033640     272279     273067        787   59
   3836    1034734     273195     273067       -128   57
   3840    1035832     274174     273067      -1107   55
   3844    1036928     274043     273067       -977   55
   3848    1038019     273073     273067         -7   57
   3852    1039109     272643     273067        423   58
   3856    1040199     272536     273067        531   58
   3860    1041290     272696     273067        370   58
   3864    1042383     273112     273067        -45   57
   3868    1043478     273590     273067       -524   56
   3872    1044572     273523     273067       -456   56
   3876    1045664     273131     273067        -64   57
   3880    1046756     273033     273067         34   57
   3884    1047849     273196     273067       -129   57
   3888    1048939     272674     273067        393   58
   3892    1050030     272731     273067        336   57
   3896    1051122     272933     273067        134   57
   3900    1052215     273171     273067       -104   57
   3904    1053309     273418     273067       -351   56
   3908    1054403     273479     273067       -413   56
   3912    1055495     273120     273067        -53   57
   3916    1056585     272655     273067        412   58
   3920    1057674     272351     273067        715   58
   3924    1058765     272650     273067        416   58
   3928    1059860     273475     273067       -408   56
   3932    1060956     273869     273067       -802   55
   3936    1062048     273217     273067       -151   57
   3940    1063140     273054     273067         12   57
   3944    1064231     272826     273067        241   57
   3948    1065321     272582     273067        485   58
   3952    1066411     272520     273067        546   58
   3956    1067504     273068     273067         -1   57
   3960    1068600     273767     273067       -700   56
   3964    1069695     273754     273067       -688   56
   3968    1070789     273564     273067       -497   56
   3972    1071881     273141     273067        -74   57
   3976    1072971     272660     273067        406   58
   3980    1074060     272353     273067        714   58
   3984    1075152     272838     273067        229   57
   3988    1076246     273335     273067       -268   56
   3992    1077340     273459     273067       -392   56
   3996    1078431     272927     273067        140   57
   4000    1079523     272982     273067         85   57
   4004    1080614     272808     273067        259   57
   4008    1081705     272764     273067        302   57
   4012    1082788     271254     273067       1813   61
   4016    1083865     269751     273067       3316   64
   4020    1084947     270313     273067       2754   63
   4024    1086036     271766     273067       1301   61
   4028    1087128     272691     273067        375   59
   4032    1088216     272173     273067        894   60
   4036    1089297     270731     273067       2336   63
   4040    1090377     270183     273067       2884   65
   4044    1091463     271171     273067       1896   63
   4048    1092558     273105     273067        -38   60
   4052    1093652     273401     273067       -335   59
   4056    1094741     272538     273067        529   61
   4060    1095827     271759     273067       1307   62
   4064    1096912     271377     273067       1689   63
   4068    1097998     271469     273067       1597   63
   4072    1099087     272055     273067       1012   62
   4076    1100178     272576     273067        490   62
   4080    1101270     272894     273067        173   61
   4084    1102362     272974     273067         93   61
   4088    1103454     272993     273067         73   61
   4092    1104545     272811     273067        256   61
   4096    1105632     272015     273067       1051   63
   4100    1106720     272004     273067       1063   63
   4104    1107809     272188     273067        878   63
   4108    1108904     273360     273067       -293   61
   4112    1110000     273840     273067       -773   60
   4116    1111093     273397     273067       -331   61
   4120    1112183     272724     273067        342   62
   4124    1113273     272556     273067        511   62
   4128    1114362     272327     273067        740   63
   4132    1115451     272269     273067        798   63
   4136    1116544     273005     273067         62   62
   4140    1117640     273751     273067       -685   60
   4144    1118734     273563     273067       -496   61
   4148    1119825     272953     273067        113   62
   4152    1120917     272988     273067         78   62
   4156    1122008     272810     273067        257   62
   4160    1123098     272577     273067        489   62
   4164    1124187     272332     273067        735   63
   4168    1125280     273020     273067         46   62
   4172    1126375     273568     273067       -501   61
   4176    1127471     273892     273067       -825   60
   4180    1128564     273410     273067       -344   61
   4184    1129654     272728     273067        339   62
   4188    1130742     272182     273067        885   63
   4192    1131831     272233     273067        834   63
   4196    1132923     272808     273067        258   62
   4200    1134018     273515     273067       -448   61
   4204    1135114     273879     273067       -812   60
   4208    1136207     273407     273067       -340   61
   4212    1137298     272914     273067        152   62
   4216    1138387     272416     273067        651   63
   4220    1139477     272479     273067        588   63
   4224    1140570     273057     273067          9   62
   4228    1141664     273389     273067       -323   61
   4232    1142759     273660     273067       -593   61
   4236    1143853     273540     273067       -473   61
   4240    1144945     273135     273067        -68   61
   4244    1146035     272659     273067        408   62
   4248    1147124     272352     273067        714   63
   4252    1148212     272088     273067        979   64
   4256    1149305     272960     273067        107   62
   4260    1150403     274115     273067      -1048   60
   4264    1151499     274029     273067       -962   60
   4268    1152591     273257     273067       -191   61
   4272    1153680     272502     273067        565   63
   4276    1154768     272125     273067        941   63
   4280    1155859     272594     273067        473   63
   4284    1156952     273086     273067        -19   62
   4288    1158047     273584     273067       -517   61
   4292    1159142     273708     273067       -642   60
   4296    1160235     273365     273067       -298   61
   4300    1161325     272716     273067        351   62
   4304    1162414     272367     273067        700   63
   4308    1163503     272279     273067        788   63
   4312    1164595     272820     273067        247   62
   4316    1165688     273142     273067        -76   62
   4320    1166783     273598     273067       -531   61
   4324    1167877     273525     273067       -458   61
   4328    1168971     273506     273067       -439   61
   4332    1170064     273314     273067       -247   61
   4336    1171153     272516     273067        551   63
   4340    1172241     272129     273067        938   64
   4344    1173333     272782     273067        284   62
   4348    1174429     273696     273067       -629   61
   4352    1175525     273924     273067       -857   60
   4356    1176619     273606     273067       -539   61
   4360    1177709     272776     273067        290   62
   4364    1178800     272757     273067        310   62
   4368    1179888     272189     273067        878   63
   4372    1180977     272235     273067        832   63
   4376    1182070     272996     273067         70   62
   4380    1183166     273749     273067       -682   61
   4384    1184261     273750     273067       -683   61
   4388    1185356     273750     273067       -683   60
   4392    1186448     273187     273067       -121   61
   4396    1187536     272297     273067        770   63
   4400    1188622     271699     273067       1367   64
   4404    1189712     272300     273067        767   63
   4408    1190808     273575     273067       -508   61
   4412    1191907     274456     273067      -1390   59
   4416    1193001     273739     273067       -672   61
   4420    1194092     272997     273067         69   62
   4424    1195181     272437     273067        630   63
   4428    1196272     272672     273067        395   63
   4432    1197364     272918     273067        149   62
   4436    1198459     273542     273067       -475   61
   4440    1199553     273510     273067       -444   61
   4444    1200646     273315     273067       -248   61
   4448    1201739     273266     273067       -200   61
   4452    1202830     272879     273067        188   62
   4456    1203920     272595     273067        472   63
   4460    1205009     272336     273067        730   63
   4464    1206101     272834     273067        233   62
   4468    1207195     273334     273067       -267   61
   4472    1208289     273458     273067       -392   61
   4476    1209382     273302     273067       -235   61
   4480    1210473     272888     273067        179   62
   4484    1211564     272785     273067        282   62
   4488    1212653     272384     273067        683   63
   4492    1213743     272471     273067        596   63
   4496    1214836     273055     273067         11   62
   4500    1215931     273576     273067       -510   61
   4504    1217027     273894     273067       -827   60
   4508    1218119     273224     273067       -157   62
   4512    1219210     272868     273067        198   62
   4516    1220301     272780     273067        287   62
   4520    1221390     272382     273067        684   63
   4524    1222481     272658     273067        409   63
   4528    1223576     273477     273067       -410   61
   4532    1224672     273869     273067       -803   60
   4536    1225765     273405     273067       -338   61
   4540    1226856     272914     273067        153   62
   4544    1227945     272416     273067        651   63
   4548    1229036     272666     273067        400   63
   4552    1230128     272917     273067        150   62
   4556    1231221     273167     273067       -100   62
   4560    1232316     273604     273067       -537   61
   4564    1233410     273526     273067       -459   61
   4568    1234503     273319     273067       -252   61
   4572    1235594     272892     273067        174   62
   4576    1236683     272411     273067        656   63
   4580    1237772     272290     273067        777   63
   4584    1238864     272823     273067        244   62
   4588    1239959     273518     273067       -451   61
   4592    1241053     273505     273067       -438   61
   4596    1242145     273126     273067        -59   62
   4600    1243238     273219     273067       -152   62
   4604    1244331     273242     273067       -176   62
   4608    1245422     272873     273067        194   62
   4612    1246512     272593     273067        473   63
   4616    1247604     272898     273067        168   62
   4620    1248700     273725     273067       -658   61
   4624    1249794     273556     273067       -489   61
   4628    1250887     273327     273067       -260   61
   4632    1251978     272894     273067        173   62
   4636    1253068     272599     273067        468   63
   4640    1254158     272525     273067        542   63
   4644    1255251     273069     273067         -2   62
   4648    1256345     273392     273067       -325   61
   4652    1257440     273661     273067       -594   61
   4656    1258533     273353     273067       -286   61
   4660    1259626     273276     273067       -209   61
   4664    1260716     272694     273067        373   63
   4668    1261805     272361     273067        706   63
   4672    1262896     272653     273067        414   63
   4676    1263990     273288     273067       -222   62
   4680    1265087     274010     273067       -943   60
   4684    1266182     273815     273067       -748   60
   4688    1267274     273204     273067       -137   61
   4692    1268362     272301     273067        766   63
   4696    1269450     272075     273067        991   64
   4700    1270542     272769     273067        298   62
   4704    1271636     273317     273067       -251   61
   4708    1272730     273454     273067       -388   61
   4712    1273822     273114     273067        -47   62
   4716    1274915     273216     273067       -149   62
   4720    1276009     273429     273067       -362   61
   4724    1277102     273295     273067       -228   61
   4728    1278192     272699     273067        368   63
   4732    1279280     272175     273067        892   64
   4736    1280375     273356     273067       -289   61
   4740    1281472     274027     273067       -960   60
   4744    1282566     273632     273067       -565   61
   4748    1283657     272970     273067         96   62
   4752    1284748     272805     273067        262   62
   4756    1285839     272764     273067        303   62
   4760    1286929     272566     273067        501   63
   4764    1288020     272704     273067        363   63
   4768    1289116     273676     273067       -609   61
   4772    1290212     273919     273067       -852   60
   4776    1291306     273605     273067       -538   61
   4780    1292397     272964     273067        103   62
   4784    1293488     272803     273067        263   62
   4788    1294577     272388     273067        678   63
   4792    1295667     272472     273067        595   63
   4796    1296760     273056     273067         11   62
   4800    1297856     273764     273067       -697   60
   4804    1298949     273378     273067       -312   61
   4808    1300040     272907     273067        160   62
   4812    1301132     272977     273067         90   62
   4816    1302226     273369     273067       -303   61
   4820    1303318     273092     273067        -26   62
   4824    1304409     272836     273067        231   62
   4828    1305504     273521     273067       -455   61
   4832    1306600     273880     273067       -814   60
   4836    1307695     273783     273067       -716   60
   4840    1308786     273008     273067         59   62
   4844    1309877     272815     273067        252   62
   4848    1310969     272954     273067        113   62
   4852    1312060     272801     273067        266   62
   4856    1313154     273325     273067       -259   61
   4860    1314249     273644     273067       -577   60
   4864    1315343     273536     273067       -469   61
   4868    1316435     273134     273067        -67   61
   4872    1317528     273221     273067       -154   61
   4876    1318619     272868     273067        199   62
   4880    1319707     272217     273067        850   63
   4884    1320800     272992     273067         75   62
   4888    1321896     273748     273067       -681   60
   4892    1322992     273937     273067       -870   60
   4896    1324085     273422     273067       -355   61
   4900    1325177     273105     273067        -39   61
   4904    1326268     272839     273067        228   62
   4908    1327359     272772     273067        294   62
   4912    1328449     272568     273067        499   62
   4916    1329543     273267     273067       -200   61
   4920    1330638     273629     273067       -563   60
   4924    1331731     273345     273067       -278   61
   4928    1332824     273274     273067       -207   61
   4932    1333916     273068     273067         -2   61
   4936    1335007     272830     273067        237   62
   4940    1336097     272582     273067        484   62
   4944    1337188     272708     273067        359   62
   4948    1338284     273677     273067       -610   60
   4952    1339378     273544     273067       -478   60
   4956    1340470     273136     273067        -69   61
   4960    1341561     272847     273067        220   62
   4964    1342653     272962     273067        105   61
   4968    1343744     272803     273067        264   62
   4972    1344834     272576     273067        491   62
   4976    1345927     273081     273067        -15   61
   4980    1347021     273395     273067       -329   61
   4984    1348116     273661     273067       -595   60
   4988    1349210     273540     273067       -474   60
   4992    1350301     272948     273067        119   61
   4996    1351390     272424     273067        642   62
   5000    1352478     272106     273067        961   63
   5004    1353568     272402     273067        665   63
   5008    1354665     273788     273067       -721   60
   5012    1355764     274509     273067      -1443   59
   5016    1356858     273752     273067       -686   60
   5020    1357949     273001     273067         66   61
   5024    1359039     272625     273067        442   62
   5028    1360127     272156     273067        910   63
   5032    1361218     272602     273067        465   62
   5036    1362312     273275     273067       -209   61
   5040    1363408     273819     273067       -752   60
   5044    1364501     273392     273067       -326   61
   5048    1365594     273286     273067       -219   61
   5052    1366687     273259     273067       -192   61
   5056    1367778     272877     273067        189   61
   5060    1368866     272219     273067        847   63
   5064    1369956     272430     273067        637   62
   5068    1371051     273420     273067       -353   61
   5072    1372146     273667     273067       -601   60
   5076    1373241     273729     273067       -663   60
   5080    1374333     273182     273067       -116   61
   5084    1375423     272671     273067        396   62
   5088    1376512     272355     273067        712   62
   5092    1377602     272464     273067        603   62
   5096    1378694     272866     273067        201   62
   5100    1379789     273529     273067       -462   60
   5104    1380884     273695     273067       -628   60
   5108    1381976     273174     273067       -107   61
   5112    1383068     273043     273067         23   61
   5116    1384157     272448     273067        618   62
   5120    1385246     272300     273067        767   63
   5124    1386337     272637     273067        429   62
   5128    1387433     273659     273067       -593   60
   5132    1388529     273915     273067       -848   60
   5136    1389622     273416     273067       -350   61
   5140    1390714     273104     273067        -37   61
   5144    1391806     273026     273067         41   61
   5148    1392896     272631     273067        435   62
   5152    1393985     272345     273067        721   63
   5156    1395077     272836     273067        230   62
   5160    1396174     273897     273067       -830   60
   5164    1397271     274162     273067      -1095   59
   5168    1398363     273290     273067       -224   61
   5172    1399453     272698     273067        369   62
   5176    1400543     272549     273067        517   62
   5180    1401633     272512     273067        554   62
   5184    1402724     272691     273067        376   62
   5188    1403818     273298     273067       -231   61
   5192    1404912     273449     273067       -383   61
   5196    1406008     273862     273067       -796   60
   5200    1407101     273403     273067       -336   60
   5204    1408192     272913     273067        153   61
   5208    1409279     272041     273067       1026   63
   5212    1410367     272010     273067       1056   63
   5216    1411459     272753     273067        314   62
   5220    1412557     274063     273067       -996   59
   5224    1413652     273828     273067       -762   60
   5228    1414745     273395     273067       -328   61
   5232    1415835     272724     273067        343   62
   5236    1416926     272743     273067        323   62
   5240    1418017     272748     273067        318   62
   5244    1419109     272937     273067        130   61
   5248    1420203     273359     273067       -293   61
   5252    1421297     273465     273067       -398   60
   5256    1422391     273491     273067       -425   60
   5260    1423483     273123     273067        -56   61
   5264    1424573     272656     273067        411   62
   5268    1425662     272351     273067        715   63
   5272    1426753     272650     273067        416   62
   5276    1427847     273288     273067       -221   61
   5280    1428944     274009     273067       -943   59
   5284    1430037     273440     273067       -373   60
   5288    1431128     272922     273067        144   61
   5292    1432217     272418     273067        649   62
   5296    1433308     272667     273067        400   62
   5300    1434397     272354     273067        712   63
   5304    1435490     273026     273067         41   61
   5308    1436586     273757     273067       -690   60
   5312    1437681     273752     273067       -685   60
   5316    1438774     273375     273067       -309   61
   5320    1439866     273094     273067        -27   61
   5324    1440957     272836     273067        231   62
   5328    1442048     272771     273067        295   62
   5332    1443139     272755     273067        311   62
   5336    1444232     273126     273067        -60   61
   5340    1445327     273594     273067       -527   60
   5344    1446421     273524     273067       -457   60
   5348    1447512     272943     273067        123   61
   5352    1448603     272798     273067        268   62
   5356    1449694     272762     273067        305   62
   5360    1450784     272566     273067        501   62
   5364    1451877     273079     273067        -12   61
   5368    1452971     273395     273067       -328   61
   5372    1454064     273286     273067       -220   61
   5376    1455159     273634     273067       -567   60
   5380    1456253     273534     273067       -467   60
   5384    1457344     272946     273067        121   61
   5388    1458431     272049     273067       1018   63
   5392    1459520     272200     273067        867   63
   5396    1460613     272987     273067         79   61
   5400    1461711     274122     273067      -1055   59
   5404    1462805     273655     273067       -589   60
   5408    1463896     272976     273067         90   61
   5412    1464986     272619     273067        448   62
   5416    1466076     272530     273067        537   62
   5420    1467166     272507     273067        559   62
   5424    1468258     272877     273067        190   62
   5428    1469353     273532     273067       -465   60
   5432    1470448     273695     273067       -629   60
   5436    1471540     273174     273067       -107   61
   5440    1472632     273043     273067         23   61
   5444    1473724     273011     273067         56   61
   5448    1474813     272440     273067        626   62
   5452    1475903     272485     273067        582   62
   5456    1476994     272684     273067        383   62
   5460    1478089     273483     273067       -417   61
   5464    1479185     273871     273067       -804   60
   5468    1480282     274155     273067      -1089   59
   5472    1481374     273289     273067       -222   61
   5476    1482462     272322     273067        744   63
   5480    1483551     272268     273067        799   63
   5484    1484645     273192     273067       -125   61
   5488    1485741     273798     273067       -731   60
   5492    1486837     273949     273067       -883   59
   5496    1487929     273237     273067       -171   61
   5500    1489020     272872     273067        195   61
   5504    1490110     272593     273067        474   62
   5508    1491199     272336     273067        731   63
   5512    1492291     272834     273067        233   62
   5516    1493387     273708     273067       -642   60
   5520    1494482     273740     273067       -673   60
   5524    1495575     273372     273067       -306   60
   5528    1496667     273093     273067        -26   61
   5532    1497758     272836     273067        231   61
   5536    1498847     272396     273067        670   62
   5540    1499936     272287     273067        780   63
   5544    1501028     272822     273067        245   62
   5548    1502125     273893     273067       -826   60
   5552    1503221     273973     273067       -907   59
   5556    1504314     273431     273067       -364   60
   5560    1505405     272920     273067        146   61
   5564    1506493     272230     273067        837   63
   5568    1507583     272433     273067        634   62
   5572    1508675     272858     273067        209   62
   5576    1509769     273340     273067       -273   61
   5580    1510865     273835     273067       -768   60
   5584    1511960     273771     273067       -705   60
   5588    1513052     273193     273067       -126   61
   5592    1514144     273048     273067         18   61
   5596    1515234     272637     273067        430   62
   5600    1516323     272347     273067        720   62
   5604    1517413     272462     273067        605   62
   5608    1518512     274178     273067      -1111   59
   5612    1519631     278357     273067      -5290   51
   5616    1520760     281277     273067      -8210   44
   5620    1521876     279569     273067      -6503   47
   5624    1522976     276142     273067      -3076   52
   5628    1524068     273786     273067       -719   56
   5632    1525165     274134     273067      -1067   55
   5636    1526272     276096     273067      -3029   51
   5640    1527383     277336     273067      -4270   48
   5644    1528488     276522     273067      -3455   49
   5648    1529587     275193     273067      -2126   51
   5652    1530681     273923     273067       -857   53
   5656    1531776     273793     273067       -727   53
   5660    1532872     273948     273067       -882   53
   5664    1533972     274737     273067      -1670   51
   5668    1535073     275122     273067      -2055   50
   5672    1536172     274843     273067      -1776   51
   5676    1537269     274398     273067      -1332   51
   5680    1538366     274287     273067      -1220   51
   5684    1539462     274072     273067      -1005   51
   5688    1540554     273268     273067       -201   53
   5692    1541647     273254     273067       -188   53
   5696    1542744     274001     273067       -934   51
   5700    1543843     274563     273067      -1496   50
   5704    1544940     274328     273067      -1262   50
   5708    1546034     273707     273067       -640   51
   5712    1547127     273364     273067       -298   52
   5716    1548218     272904     273067        163   53
   5720    1549310     272976     273067         91   52
   5724    1550405     273556     273067       -490   51
   5728    1551500     273702     273067       -635   51
   5732    1552594     273550     273067       -484   51
   5736    1553689     273700     273067       -633   51
   5740    1554783     273550     273067       -483   51
   5744    1555875     273138     273067        -71   52
   5748    1556967     273034     273067         32   52
   5752    1558058     272821     273067        246   52
   5756    1559151     273143     273067        -76   52
   5760    1560245     273411     273067       -344   51
   5764    1561341     273853     273067       -786   50
   5768    1562436     273776     273067       -709   50
   5772    1563527     273006     273067         60   52
   5776    1564616     272439     273067        628   53
   5780    1565706     272485     273067        582   53
   5784    1566800     273246     273067       -180   51
   5788    1567896     273812     273067       -745   50
   5792    1568991     273765     273067       -699   50
   5796    1570083     273191     273067       -125   51
   5800    1571173     272673     273067        394   52
   5804    1572264     272731     273067        336   52
   5808    1573354     272558     273067        509   53
   5812    1574446     272889     273067        177   52
   5816    1575540     273347     273067       -281   51
   5820    1576636     273837     273067       -770   50
   5824    1577729     273397     273067       -330   51
   5828    1578821     273099     273067        -33   51
   5832    1579913     273025     273067         42   52
   5836    1581003     272631     273067        435   52
   5840    1582093     272533     273067        534   53
   5844    1583185     272883     273067        183   52
   5848    1584281     273721     273067       -654   50
   5852    1585375     273555     273067       -489   51
   5856    1586469     273514     273067       -447   51
   5860    1587562     273316     273067       -249   51
   5864    1588654     273079     273067        -12   51
   5868    1589743     272457     273067        609   53
   5872    1590832     272302     273067        765   53
   5876    1591925     273013     273067         54   52
   5880    1593022     273941     273067       -874   50
   5884    1594119     274173     273067      -1106   49
   5888    1595211     273293     273067       -226   51
   5892    1596300     272511     273067        556   52
   5896    1597389     272315     273067        751   53
   5900    1598478     272266     273067        800   53
   5904    1599572     273192     273067       -125   51
   5908    1600667     273610     273067       -544   51
   5912    1601761     273528     273067       -461   51
   5916    1602855     273507     273067       -440   51
   5920    1603949     273502     273067       -435   51
   5924    1605041     273125     273067        -59   51
   5928    1606129     272281     273067        785   53
   5932    1607218     272258     273067        809   53
   5936    1608311     273002     273067         65   52
   5940    1609408     273938     273067       -871   50
   5944    1610503     273797     273067       -730   50
   5948    1611597     273574     273067       -508   50
   5952    1612686     272581     273067        486   52
   5956    1613774     272145     273067        921   53
   5960    1614862     272036     273067       1030   53
   5964    1615955     272947     273067        120   52
   5968    1617050     273549     273067       -482   51
   5972    1618146     273887     273067       -821   50
   5976    1619241     273784     273067       -718   50
   5980    1620333     273196     273067       -129   51
   5984    1621422     272487     273067        580   52
   5988    1622509     271934     273067       1133   54
   5992    1623600     272546     273067        521   53
   5996    1624696     273637     273067       -570   50
   6000    1625791     273722     273067       -655   50
   6004    1626884     273368     273067       -301   51
   6008    1627975     272904     273067        162   52
   6012    1629067     272976     273067         91   52
   6016    1630159     272994     273067         73   52
   6020    1631250     272811     273067        256   52
   6024    1632342     272953     273067        114   52
   6028    1633436     273363     273067       -297   51
   6032    1634530     273466     273067       -399   51
   6036    1635625     273679     273067       -612   50
   6040    1636717     273170     273067       -103   51
   6044    1637807     272667     273067        399   52
   6048    1638895     272167     273067        900   53
   6052    1639985     272417     273067        650   53
   6056    1641079     273229     273067       -163   51
   6060    1642175     273807     273067       -741   50
   6064    1643268     273389     273067       -323   51
   6068    1644361     273285     273067       -218   51
   6072    1645452     272884     273067        183   52
   6076    1646542     272596     273067        471   52
   6080    1647631     272336     273067        730   53
   6084    1648723     272834     273067        233   52
   6088    1649817     273334     273067       -267   51
   6092    1650912     273646     273067       -579   50
   6096    1652005     273349     273067       -282   51
   6100    1653096     272900     273067        167   52
   6104    1654187     272787     273067        279   52
   6108    1655278     272759     273067        307   52
   6112    1656369     272752     273067        314   52
   6116    1657461     272938     273067        129   52
   6120    1658555     273360     273067       -293   51
   6124    1659650     273652     273067       -586   50
   6128    1660744     273538     273067       -471   51
   6132    1661835     272947     273067        120   52
   6136    1662925     272612     273067        455   52
   6140    1664015     272528     273067        539   53
   6144    1665107     272882     273067        185   52
   6148    1666201     273345     273067       -279   51
   6152    1667297     273836     273067       -770   50
   6156    1668391     273584     273067       -517   50
   6160    1669482     272959     273067        108   52
   6164    1670571     272427     273067        640   53
   6168    1671661     272482     273067        585   53
   6172    1672754     273058     273067          9   52
   6176    1673849     273577     273067       -510   51
   6180    1674945     273894     273067       -828   50
   6184    1676039     273599     273067       -532   50
   6188    1677130     272962     273067        105   52
   6192    1678221     272803     273067        264   52
   6196    1679311     272576     273067        491   52
   6200    1680402     272706     273067        360   52
   6204    1681492     272552     273067        515   52
   6208    1682585     273075     273067         -9   52
   6212    1683680     273581     273067       -515   51
   6216    1684777     274083     273067      -1016   50
   6220    1685871     273646     273067       -579   50
   6224    1686961     272786     273067        280   52
   6228    1688049     272197     273067        870   53
   6232    1689137     272049     273067       1018   53
   6236    1690230     272950     273067        117   52
   6240    1691326     273737     273067       -671   50
   6244    1692421     273747     273067       -680   50
   6248    1693513     273187     273067       -120   51
   6252    1694603     272672     273067        395   52
   6256    1695692     272355     273067        711   53
   6260    1696781     272276     273067        790   53
   6264    1697873     272819     273067        248   52
   6268    1698969     273705     273067       -638   50
   6272    1700064     273739     273067       -672   50
   6276    1701156     273185     273067       -118   51
   6280    1702246     272671     273067        396   52
   6284    1703336     272543     273067        524   53
   6288    1704427     272698     273067        368   52
   6292    1705519     272925     273067        142   52
   6296    1706612     273169     273067       -102   51
   6300    1707706     273417     273067       -350   51
   6304    1708800     273479     273067       -413   51
   6308    1709894     273495     273067       -428   51
   6312    1710986     273124     273067        -57   51
   6316    1712077     272843     273067        223   52
   6320    1713165     272211     273067        856   53
   6324    1714256     272615     273067        451   52
   6328    1715350     273279     273067       -212   51
   6332    1716444     273445     273067       -378   51
   6336    1717538     273486     273067       -420   51
   6340    1718632     273497     273067       -430   51
   6344    1719723     272937     273067        130   52
   6348    1720812     272422     273067        645   53
   6352    1721902     272480     273067        586   53
   6356    1722996     273245     273067       -178   51
   6360    1724092     273811     273067       -745   50
   6364    1725186     273578     273067       -511   51
   6368    1726278     273144     273067        -78   51
   6372    1727369     272849     273067        218   52
   6376    1728458     272400     273067        667   53
   6380    1729548     272475     273067        592   53
   6384    1730641     273056     273067         10   52
   6388    1731738     273952     273067       -885   50
   6392    1732833     273800     273067       -734   50
   6396    1733925     273200     273067       -133   51